Livny  (3105,966)  (3059,1011)  (3059,965)  (3140,1012)  (3112,920)  (3151,966)  (3158,913)  (3013,965)  (3204,917)
Marrakech  (691,3160)  (645,3205)  (736,3206)  (652,3114)  (698,3114)  (690,3251)
sz 5  (1122,57)  (1076,102)  (1076,56)  (1167,103)  (1122,11)  (1168,11)  (1168,57)  (1074,10)  (1030,137)  (1030,91)  (1213,103)  (1214,0)  (1214,46)  (1028,45)
Tavium  (3055,2520)  (3009,2548)  (3009,2502)  (3079,2566)  (3101,2488)
sz 20  (1363,287)  (1317,332)  (1317,286)  (1408,333)  (1363,241)  (1409,241)  (1409,287)  (1315,240)  (1362,378)  (1316,378)  (1271,332)  (1271,286)  (1454,333)  (1454,379)  (1408,379)  (1270,379)  (1361,195)  (1407,195)  (1453,195)  (1455,241)  (1455,287)  (1269,240)  (1269,194)  (1315,194)
Cumbria  (1023,1200)  (977,1224)  (1055,1154)  (1069,1200)
Novoshakhtinsk  (3158,1717)  (3112,1718)  (3112,1672)  (3188,1763)  (3204,1680)
Azara  (3105,1962)  (3108,2008)  (3076,1916)
Port Said  (2942,3253)  (2984,3299)  (2938,3299)  (2984,3345)
sz 111  (2773,2381)  (2727,2426)  (2727,2380)  (2818,2427)  (2819,2353)  (2681,2424)  (2681,2378)  (2865,2353)
sz 76  (323,2636)  (277,2681)  (277,2635)  (366,2682)  (323,2590)  (369,2590)  (369,2636)  (275,2589)  (320,2727)  (274,2727)  (231,2681)  (231,2635)  (366,2728)  (321,2544)  (367,2544)  (229,2589)  (229,2543)  (275,2543)  (228,2730)  (412,2749)  (458,2767)  (320,2773)  (274,2773)  (366,2774)  (321,2498)  (367,2498)  (224,2497)  (270,2497)  (228,2776)
sz 107  (2836,2869)  (2848,2915)  (2863,2823)
Riga  (2363,1272)  (2409,1278)  (2313,1257)
Uppsala  (1978,1056)  (1967,1010)  (2007,1102)  (1984,964)  (1973,1148)
Rzhev  (3268,589)  (3222,607)  (3222,561)  (3313,635)  (3314,565)
Bremerhaven  (1628,1513)  (1590,1559)
Ghazaouet  (1256,2931)  (1210,2921)  (1301,2977)  (1255,2977)  (1199,2875)  (1245,2875)  (1347,2979)
sz 95  (2267,2776)  (2312,2822)  (2266,2822)  (2252,2730)  (2298,2730)  (2313,2776)
sz 51  (2311,1108)  (2317,1154)  (2444,1028)
Zag  (750,3343)  (704,3381)  (704,3335)  (791,3389)  (750,3297)  (796,3304)  (837,3363)  (658,3336)
Nenets  (3628,208)  (3582,253)  (3582,207)  (3673,254)  (3674,185)  (3536,251)  (3536,205)  (3719,231)  (3719,277)
Severomorsk  (2569,375)  (2556,421)  (2615,343)
sz 72  (178,2232)  (132,2277)  (132,2231)  (223,2278)  (178,2186)  (224,2186)  (224,2232)  (130,2185)  (131,2323)  (86,2277)  (86,2231)  (269,2278)  (85,2324)  (270,2160)  (270,2206)  (84,2185)  (131,2369)  (40,2278)  (40,2232)  (315,2252)  (85,2370)  (39,2370)  (39,2324)  (316,2160)  (316,2206)  (38,2186)  (131,2415)  (361,2252)  (85,2416)  (39,2416)  (362,2160)  (362,2206)  (407,2252)  (408,2160)  (408,2206)  (453,2252)  (454,2160)  (454,2206)  (500,2160)  (500,2206)
Zallah  (2085,3496)  (2039,3541)  (2121,3542)  (2060,3450)  (2106,3450)  (2131,3496)
Lauriacum  (1955,2029)  (1909,2034)  (1909,1988)  (1994,2075)  (1988,1983)  (2001,2029)  (1948,2080)
Fjordhur  (382,182)  (336,227)  (336,181)  (427,228)  (382,136)  (428,136)  (428,182)  (334,135)  (381,273)  (335,273)
Evenki Okrug  (3846,49)  (3800,94)  (3800,48)  (3891,95)  (3846,3)  (3892,3)  (3892,49)  (3798,2)  (3754,139)  (3754,93)  (3937,95)  (3937,141)  (3938,0)  (3938,46)  (3752,47)  (3752,1)
Fredrikstad  (1816,1050)
Zheleznogorsk  (2767,1448)  (2721,1475)  (2794,1494)  (2727,1402)  (2773,1402)  (2748,1521)
Dzhanybek  (3573,1742)  (3618,1788)  (3572,1788)  (3547,1696)  (3593,1696)  (3526,1793)  (3574,1834)  (3528,1839)
Vologda  (3404,235)  (3358,280)  (3358,234)  (3439,281)  (3404,189)  (3450,189)  (3450,235)  (3312,275)  (3407,327)  (3407,143)  (3453,143)
sz 70  (518,2009)  (472,2054)  (472,2008)  (563,2055)  (518,1963)  (564,1963)  (564,2009)  (470,1962)  (517,2100)  (471,2100)  (426,2054)  (426,2008)  (609,2055)  (609,2101)  (563,2101)  (425,2101)  (610,1943)  (610,1989)  (424,1962)  (380,2055)  (380,2009)  (655,2035)  (655,2081)  (379,2114)  (656,1943)  (656,1989)  (378,1963)  (334,2068)  (334,2022)  (333,2114)  (332,1976)
Scallabis  (578,2502)  (584,2548)
sz 28  (600,567)  (554,612)  (554,566)  (645,613)  (600,521)  (646,521)  (646,567)  (552,520)  (599,658)  (553,658)  (508,612)  (508,566)  (691,613)  (691,659)  (645,659)  (507,659)  (598,475)  (644,475)  (690,475)  (692,521)  (692,567)  (506,520)  (506,474)  (552,474)
Bushehr  (3926,3243)  (3880,3250)  (3880,3204)  (3953,3289)  (3926,3197)  (3834,3226)  (3834,3180)  (3953,3335)
sz 105  (3023,2935)  (2977,2980)  (3068,2981)  (3015,2889)  (3061,2889)  (3069,2935)
sz 18  (874,287)  (828,332)  (828,286)  (919,333)  (874,241)  (920,241)  (920,287)  (826,240)  (873,378)  (827,378)  (782,332)  (782,286)  (965,333)  (965,379)  (919,379)  (781,379)  (872,195)  (918,195)  (964,195)  (966,241)  (966,287)  (780,240)  (780,194)  (826,194)
Jawsh  (1836,3346)  (1790,3391)  (1836,3392)  (1846,3300)  (1882,3346)
sz 7  (1593,56)  (1547,101)  (1547,55)  (1638,102)  (1593,10)  (1639,10)  (1639,56)  (1545,9)
Cydonia  (2549,3000)
Kirkland  (1100,560)
sz 26  (76,557)  (30,602)  (30,556)  (121,603)  (76,511)  (122,511)  (122,557)  (28,510)  (75,648)  (29,648)  (167,603)  (167,649)  (121,649)  (74,465)  (120,465)  (166,465)  (168,511)  (168,557)  (0,464)  (75,694)  (29,694)  (172,695)  (126,695)
Al Mahbas  (665,3489)  (619,3534)  (619,3488)  (710,3535)  (665,3443)  (711,3443)  (711,3489)
Kristiansand  (1700,1106)  (1689,1152)  (1701,1060)
sz 45  (569,1102)  (523,1147)  (523,1101)  (614,1148)  (569,1056)  (615,1056)  (615,1102)  (521,1055)  (568,1193)  (522,1193)  (477,1147)  (477,1101)  (476,1194)  (661,1026)  (661,1072)  (475,1055)  (498,1240)  (707,1026)  (707,1072)  (498,1286)
Oxford  (1107,1526)  (1115,1572)  (1088,1480)  (1134,1480)  (1153,1526)
Aquincum  (2259,2073)  (2213,2118)  (2250,2027)  (2296,2027)
sz 93  (2210,3041)  (2164,3086)  (2164,3040)  (2256,3004)  (2256,3050)  (2137,3132)  (2132,3178)  (2140,3224)
Archangelsk  (2939,598)  (2893,595)  (2984,644)  (2938,644)  (2939,552)  (2985,578)  (2891,549)  (2932,690)  (3031,601)
Saint-Malo  (1094,1860)  (1048,1905)  (1112,1906)  (1140,1832)
Ar Riyad  (3379,3487)  (3333,3532)  (3333,3486)  (3424,3533)  (3379,3441)  (3425,3448)  (3331,3440)  (3470,3494)  (3470,3540)
Roma  (1870,2558)  (1824,2531)  (1916,2578)
Heiz  (2581,3534)  (2535,3553)  (2535,3507)  (2627,3511)  (2489,3553)  (2489,3507)  (2673,3492)  (2673,3538)
Tinfouchy  (1004,3472)  (958,3481)  (958,3435)  (1037,3518)  (1004,3426)  (991,3527)
sz 101  (2609,3133)  (2563,3155)  (2563,3109)  (2654,3179)  (2655,3109)  (2538,3063)
sz 47  (1157,1044)  (1111,1089)  (1111,1043)  (1202,1090)  (1157,998)  (1203,998)  (1203,1044)  (1109,997)  (1156,1135)  (1219,1136)  (1173,1181)  (1127,1181)  (1219,1182)
Lvov  (2487,1713)  (2506,1759)  (2460,1759)  (2466,1667)  (2512,1667)
Nurnberg  (1731,1820)  (1774,1866)  (1709,1774)  (1705,1728)
Vuktyl  (3865,553)  (3819,598)  (3819,552)  (3910,599)  (3865,507)  (3911,507)  (3911,553)  (3864,644)  (3818,644)  (3773,598)  (3953,645)
Cheboksary  (3914,962)  (3868,940)  (3953,1008)  (3907,1008)  (3914,916)  (3883,1054)
Murmansk  (2747,395)  (2701,389)  (2793,401)
sz 103  (3036,3467)  (2990,3428)  (3081,3513)  (3035,3513)  (3036,3421)  (3082,3442)
Budapest  (2151,1942)  (2105,1987)  (2188,1988)  (2161,1896)
Cheshire  (1010,1371)  (1045,1417)  (986,1325)
Belgorod  (2646,1887)  (2600,1911)  (2692,1868)  (2554,1910)
Veldidina  (1794,2078)  (1748,2101)  (1840,2067)
Salamis  (2938,2873)
sz 97  (2043,2485)  (1997,2497)  (1997,2451)  (2088,2531)  (2089,2452)  (1951,2438)
Phasis  (3352,2283)  (3306,2287)  (3398,2293)
Omsk  (3888,311)  (3842,356)  (3842,310)  (3933,357)  (3888,265)  (3934,265)  (3934,311)  (3840,264)  (3887,402)  (3796,364)  (3796,318)  (3953,403)  (3886,219)  (3932,219)  (3798,218)
sz 41  (1557,786)  (1511,831)  (1511,785)  (1578,832)  (1603,742)  (1532,877)  (1649,742)
Nikolsk  (3536,369)  (3490,386)  (3490,340)  (3579,415)  (3536,323)  (3582,323)  (3582,369)  (3533,432)  (3525,478)
Bryansk  (2742,1054)  (2696,1099)  (2696,1053)  (2762,1100)  (2788,1037)  (2694,1007)  (2808,1083)
Vilhelmina  (2057,623)  (2064,669)  (2018,669)  (2103,593)
sz 10  (2052,54)  (2006,99)  (2006,53)  (2097,100)  (2052,8)  (2098,8)  (2098,54)  (2004,7)  (1960,137)  (1960,91)  (2143,100)  (2144,0)  (2144,46)  (1958,45)
sz 78  (182,3227)  (136,3272)  (136,3226)  (227,3273)  (182,3181)  (228,3181)  (228,3227)  (134,3180)  (181,3318)  (135,3318)  (90,3272)  (90,3226)  (273,3273)  (273,3319)  (227,3319)  (89,3319)  (274,3141)  (274,3187)  (88,3180)  (44,3273)  (44,3227)  (319,3233)  (319,3279)  (43,3323)  (320,3141)  (320,3187)  (42,3181)  (365,3233)  (365,3279)  (366,3141)  (366,3187)  (411,3233)  (411,3279)  (412,3141)  (412,3187)  (457,3233)  (457,3279)  (458,3163)
Cairo  (2721,3289)  (2750,3335)  (2683,3243)  (2729,3243)  (2727,3381)
Xopon  (2978,1693)  (2932,1738)  (2932,1692)  (2987,1739)  (3024,1663)  (3033,1709)
Volgodonsk  (3285,1919)  (3239,1964)  (3239,1918)  (3331,1894)  (3193,1989)  (3377,1899)
Kaliningrad  (2175,1500)
sz 43  (75,1147)  (29,1192)  (29,1146)  (120,1193)  (75,1101)  (121,1101)  (121,1147)  (27,1100)  (74,1238)  (28,1238)  (166,1193)  (166,1239)  (120,1239)  (73,1055)  (119,1055)  (165,1055)  (167,1101)  (167,1147)  (0,1054)  (74,1284)  (28,1284)  (172,1285)  (126,1285)
sz 16  (345,381)  (299,410)  (299,364)  (391,342)  (391,388)  (253,410)  (237,364)
Stavanger  (1646,1027)  (1633,1106)
Constantine  (1278,3077)  (1232,3122)  (1232,3076)  (1324,3042)  (1324,3088)
Zurich  (1658,1897)  (1612,1919)  (1692,1943)  (1650,1851)
sz 1  (49,38)  (3,83)  (3,37)  (81,84)  (95,0)  (35,129)  (101,130)  (141,0)
Salmantica  (661,2526)  (671,2572)  (653,2480)  (699,2480)
Minsk  (2651,1651)  (2605,1692)  (2605,1646)  (2670,1697)  (2697,1618)
Umba  (2582,486)  (2536,506)  (2619,440)  (2628,486)
Lilybaeum  (1806,2844)  (1852,2835)
Tarentum  (2126,2646)
Iran  (3898,2928)  (3852,2961)  (3852,2915)  (3943,2974)  (3944,2892)
Sparta  (2439,2832)
Melita  (1796,2988)
Melitine  (3274,2579)  (3228,2553)  (3319,2625)  (3201,2507)
Hannover  (1684,1619)  (1719,1665)  (1673,1665)  (1688,1573)
Poznan  (2148,1670)  (2102,1674)  (2162,1716)  (2194,1656)  (2056,1650)
sz 12  (2568,103)  (2522,148)  (2522,102)  (2613,149)  (2568,57)  (2614,57)  (2614,103)  (2520,56)  (2567,194)  (2521,194)  (2476,148)  (2476,102)  (2659,149)  (2638,195)  (2475,195)  (2566,11)  (2612,11)  (2658,11)  (2660,57)  (2660,103)  (2474,56)  (2474,10)  (2520,10)  (2592,240)  (2546,240)  (2638,241)  (2500,241)
sz 36  (335,845)  (289,890)  (289,844)  (380,891)  (335,799)  (381,799)  (381,845)  (287,798)  (334,936)  (288,936)  (243,890)  (243,844)  (426,891)  (426,937)  (380,937)  (242,937)  (333,753)  (379,753)  (425,753)  (427,799)  (427,845)  (241,798)  (241,752)  (287,752)
Tunis  (1584,2862)  (1538,2907)  (1538,2861)  (1630,2861)
sz 39  (1152,804)  (1106,849)  (1106,803)  (1197,850)  (1152,758)  (1198,758)  (1198,804)  (1104,757)  (1151,895)  (1219,896)  (1058,769)
Tartu  (2458,1215)  (2412,1225)  (2503,1261)
Odessus  (2602,2388)  (2590,2434)
Syzran  (3308,972)  (3262,1017)  (3353,1018)  (3288,926)  (3354,944)  (3216,1051)  (3216,1005)
Azgir  (3885,1826)  (3839,1871)  (3839,1825)  (3885,1780)  (3931,1780)  (3931,1826)  (3793,1848)
Es Sabria  (1516,3200)  (1470,3182)  (1561,3246)  (1515,3246)  (1516,3154)
Belorussia  (2415,1527)  (2369,1506)  (2460,1573)  (2506,1597)
Majorca  (1175,2651)
Zaltan  (2248,3472)  (2202,3517)  (2202,3471)  (2266,3518)  (2248,3426)  (2294,3398)
sz 33  (1825,547)  (1779,592)  (1779,546)  (1854,593)  (1825,501)  (1871,501)  (1871,547)  (1777,500)  (1808,638)  (1762,638)  (1733,592)  (1733,546)  (1917,456)  (1731,500)  (1750,684)
Dzhanatala  (3905,1391)  (3859,1377)  (3950,1437)  (3904,1437)  (3905,1345)  (3951,1345)  (3951,1391)  (3846,1331)  (3953,1483)  (3907,1483)
Amizmiz  (898,3292)  (852,3264)  (943,3338)
Reykjavik  (211,222)  (165,239)  (165,193)  (256,268)  (211,176)  (257,202)  (210,285)  (271,314)  (247,130)  (154,97)
Capua  (2011,2643)  (2020,2689)
Morocco  (1104,3130)  (1058,3175)  (1058,3129)  (1149,3176)  (1104,3084)  (1150,3084)  (1150,3130)  (1195,3176)
Brigantium  (615,2261)  (569,2306)  (569,2260)  (654,2307)  (615,2215)
Munster  (587,1516)  (633,1489)  (679,1447)
Sardinia  (1571,2631)  (1597,2677)
Asyut  (2778,3474)  (2732,3469)  (2823,3520)  (2777,3520)  (2778,3428)
sz 59  (1220,1306)  (1174,1296)  (1265,1352)  (1219,1352)  (1220,1260)  (1163,1250)
Napaco  (2428,2060)  (2382,2096)  (2382,2050)  (2474,2055)
Uusikaupunki  (2288,905)  (2263,951)  (2334,877)
Wessex  (989,1631)  (943,1661)  (1035,1618)
Olonets  (2622,898)  (2576,913)  (2576,867)  (2661,944)  (2707,909)
Gavle  (2039,894)  (2050,940)
Trondheim  (1879,712)  (1833,752)  (1880,666)  (1926,672)  (1787,776)  (1741,792)
Elusa  (1040,2267)  (1023,2313)  (1086,2251)
sz 88  (1722,2711)  (1676,2756)  (1676,2710)  (1767,2757)  (1722,2665)  (1768,2665)  (1768,2711)  (1674,2664)  (1705,2802)  (1630,2772)
Pergamum  (2699,2614)  (2653,2621)  (2706,2660)  (2719,2568)  (2745,2614)  (2660,2690)
Arzamas  (3349,835)  (3303,863)  (3303,817)  (3394,881)  (3395,823)  (3257,851)  (3257,805)  (3440,869)  (3440,915)
Bialystok  (2346,1779)  (2358,1825)  (2312,1825)  (2392,1738)
Tanais  (2938,1964)  (2948,2010)  (2984,1927)
sz 64  (375,1458)  (329,1503)  (329,1457)  (420,1504)  (375,1412)  (421,1412)  (421,1458)  (327,1411)  (374,1549)  (328,1549)  (447,1550)  (373,1366)  (419,1366)  (465,1366)  (467,1412)  (467,1458)  (285,1365)  (401,1595)  (355,1595)  (309,1595)  (449,1596)  (513,1394)
Amman  (3176,3141)  (3130,3165)  (3250,3108)
sz 31  (1363,571)  (1317,616)  (1317,570)  (1408,617)  (1363,525)  (1409,525)  (1409,571)  (1315,524)  (1362,662)  (1316,662)  (1271,616)  (1271,570)  (1454,617)  (1454,663)  (1408,663)  (1270,663)  (1361,479)  (1407,479)  (1453,479)  (1455,525)  (1455,571)  (1269,524)  (1269,478)  (1315,478)
Mosul  (3440,2830)  (3485,2876)  (3439,2876)  (3404,2784)  (3450,2784)
Lucus Augusti  (724,2344)  (734,2390)  (748,2298)
Salzburg  (1886,1845)  (1840,1847)  (1910,1891)  (1914,1799)
Saida  (3140,2953)  (3135,2999)  (3130,2907)
Dimashq  (3231,2987)  (3228,3033)  (3209,2941)  (3182,3044)
sz 62  (793,1486)  (815,1532)  (769,1532)  (793,1440)  (858,1578)  (812,1578)  (766,1578)  (804,1394)  (884,1362)
Augustoritum  (1258,2238)  (1212,2248)  (1212,2202)  (1304,2244)
sz 34  (2770,609)  (2724,635)  (2724,589)  (2815,655)  (2796,563)  (2816,609)  (2678,600)
Syracusae  (1942,2926)  (1896,2914)
Tarraco  (1037,2543)  (991,2578)
Iraq  (3577,3228)  (3531,3265)  (3531,3219)  (3622,3274)  (3577,3182)  (3634,3320)
Rossoh  (3186,1549)  (3203,1595)  (3163,1503)  (3209,1503)  (3157,1610)
Sarai  (3852,1993)  (3806,2038)  (3806,1992)  (3872,1947)  (3898,1993)  (3918,1927)  (3760,2004)  (3944,1973)  (3951,2019)
sz 57  (1578,1337)  (1532,1382)  (1532,1336)  (1623,1383)  (1578,1291)  (1624,1291)  (1624,1337)  (1530,1290)  (1577,1428)  (1531,1428)  (1576,1245)  (1622,1245)  (1513,1244)  (1518,1474)
sz 83  (1157,2584)  (1111,2625)  (1111,2579)  (1203,2571)  (1245,2617)  (1065,2667)  (1248,2663)  (1249,2549)
Agartu  (3674,1595)  (3628,1630)  (3628,1584)  (3719,1641)  (3692,1549)  (3720,1595)  (3582,1616)  (3765,1641)
Smolensk  (3114,657)  (3068,702)  (3127,703)  (3096,611)  (3160,644)
Highland  (955,924)  (909,932)  (993,970)  (938,878)  (1001,914)  (947,978)  (984,862)  (1047,913)
Novyy  (3914,1637)  (3868,1682)  (3868,1636)  (3953,1683)  (3914,1591)  (3841,1590)  (3822,1642)
Kraslava  (2628,1330)  (2582,1305)  (2671,1376)  (2625,1376)  (2674,1309)
Kanin Nos  (3088,363)  (3042,380)  (3133,409)  (3134,349)  (3035,334)  (3012,288)  (3179,395)  (3001,242)  (3047,232)
Sardis  (2768,2731)  (2722,2754)  (2813,2777)  (2763,2685)  (2814,2725)
Olsztyn  (2268,1571)  (2222,1592)  (2314,1549)
Lodz  (2208,1786)  (2207,1832)  (2243,1740)
Assah  (1651,3126)  (1605,3171)  (1605,3125)  (1680,3172)  (1697,3109)  (1625,3079)
Tabuk  (3177,3430)  (3131,3424)  (3222,3476)  (3176,3476)  (3177,3384)  (3223,3396)  (3124,3378)  (3256,3522)  (3210,3522)  (3170,3338)  (3078,3349)  (3124,3332)
Saykhin  (3685,1893)  (3639,1933)  (3639,1887)  (3730,1939)  (3731,1887)  (3777,1914)
Sosnovka  (2742,482)  (2696,509)  (2696,463)  (2788,475)
Rechitsa  (2764,1246)  (2718,1262)  (2718,1216)  (2809,1292)  (2764,1200)  (2763,1308)
Narva  (2420,1110)  (2374,1123)  (2466,1079)  (2466,1125)
Presnovka  (3594,858)  (3548,903)  (3548,857)  (3639,904)  (3618,812)  (3640,858)  (3526,949)  (3502,882)  (3686,849)
Liski  (3313,1626)  (3267,1671)  (3358,1672)  (3270,1580)  (3316,1580)
Tyumen  (3592,706)  (3546,695)  (3637,752)  (3591,752)  (3638,705)  (3534,649)  (3684,729)  (3488,668)
Maloshuyka  (2682,792)  (2636,816)  (2636,770)  (2727,838)  (2682,746)  (2728,788)
Al Basrah  (3711,3183)  (3665,3183)  (3756,3229)  (3710,3229)  (3737,3137)
Harstad  (2143,338)  (2097,383)  (2189,295)  (2075,429)
Jordan  (3312,3247)  (3327,3293)  (3281,3293)  (3289,3201)  (3335,3201)  (3316,3339)  (3270,3339)  (3290,3155)
sz 119  (3880,2395)  (3834,2440)  (3834,2394)  (3925,2441)  (3880,2349)  (3926,2349)  (3926,2395)  (3832,2348)  (3879,2486)  (3953,2487)  (3786,2345)
Stockholm  (2091,1050)  (2045,1048)  (2104,1096)  (2091,1004)
sz 60  (1264,1637)  (1218,1676)  (1304,1591)  (1310,1637)  (1187,1722)  (1350,1550)  (1172,1676)  (1356,1596)  (1141,1746)  (1126,1700)
sz 81  (767,2889)  (721,2922)  (721,2876)  (813,2883)  (675,2885)  (881,2873)
Olisipo  (479,2500)  (482,2546)
sz 109  (2678,2933)  (2632,2961)  (2632,2915)  (2678,2887)  (2724,2887)  (2613,2869)  (2659,2841)  (2705,2841)  (2751,2841)  (2609,2823)  (2687,3047)  (2641,3050)
Ariminum  (1822,2394)
sz 15  (55,295)  (9,340)  (9,294)  (100,341)  (55,249)  (101,267)  (7,248)  (54,386)  (8,386)  (146,332)  (146,378)  (100,387)  (53,203)  (0,202)
Falun  (1936,846)  (1963,892)  (1919,800)
Alesia  (1297,2011)  (1251,2042)  (1343,1986)  (1244,1996)
Sarmizegetusta  (2573,2125)  (2574,2171)  (2562,2079)  (2528,2176)
Kaunas  (2484,1396)  (2438,1441)  (2486,1442)  (2493,1350)  (2539,1355)
sz 50  (2211,1044)  (2256,1090)  (2210,1090)  (2168,998)  (2121,952)  (2167,952)
Ouargla  (1338,3400)  (1292,3434)  (1292,3388)  (1384,3369)  (1384,3415)
Sankt-Peterburg  (2579,1002)  (2533,1047)  (2533,1001)  (2624,1048)
Satala  (3347,2492)  (3301,2499)  (3393,2468)  (3339,2545)  (3439,2484)
Yoshkar-Ola  (3734,1153)  (3688,1178)  (3688,1132)  (3779,1199)  (3733,1224)  (3642,1151)
Tolosa  (1136,2323)  (1090,2364)  (1147,2369)  (1182,2298)
sz 85  (1433,2610)  (1387,2655)  (1387,2609)  (1478,2656)  (1433,2564)  (1479,2564)  (1479,2610)  (1385,2563)  (1341,2667)  (1341,2621)  (1339,2575)
Sirmium  (2120,2262)  (2154,2308)  (2088,2216)
Pella  (2357,2481)  (2372,2527)  (2315,2435)  (2361,2435)
sz 117  (3201,2271)  (3155,2316)  (3155,2270)  (3211,2317)  (3153,2224)
Porvoo  (2451,913)  (2405,899)
Aemona  (1977,2170)  (1931,2168)  (1971,2216)  (2023,2174)
Nemausus  (1414,2238)  (1368,2283)  (1368,2237)  (1460,2233)
Naryan Mar  (3570,43)  (3524,88)  (3524,42)  (3615,89)  (3616,0)  (3478,83)  (3478,37)  (3661,46)  (3661,92)  (3662,0)
sz 87  (1694,2532)  (1648,2577)  (1648,2531)  (1739,2578)  (1694,2486)  (1785,2582)  (1649,2440)  (1632,2394)
Braila  (2471,2374)  (2425,2358)  (2517,2357)
Tanger  (640,2971)  (594,2998)  (685,3017)  (686,2968)  (732,2976)
Annaba  (1395,2879)  (1349,2919)  (1349,2873)  (1441,2851)  (1441,2897)
Eysk  (2948,1412)  (2902,1422)  (2902,1376)  (2993,1458)  (2994,1403)  (3039,1449)
sz 121  (3908,3440)  (3862,3432)  (3953,3486)  (3908,3394)  (3853,3386)  (3953,3532)  (3812,3340)  (3858,3340)  (3803,3294)
sz 54  (1919,1466)  (1965,1455)  (1977,1408)
Lankaran  (3812,2540)  (3766,2519)  (3857,2586)  (3865,2632)
Sardica  (2308,2333)  (2262,2343)  (2335,2379)  (2354,2299)
sz 68  (609,1802)  (563,1847)  (563,1801)  (654,1848)  (609,1756)  (655,1756)  (655,1802)  (561,1755)  (608,1893)  (562,1893)  (517,1847)  (517,1801)  (672,1894)  (516,1894)  (701,1744)  (701,1790)  (515,1755)
Kem  (2595,639)  (2549,649)  (2549,603)  (2640,685)  (2594,695)
Ulan Khol  (3585,2179)  (3539,2208)  (3621,2225)  (3565,2133)  (3631,2172)
Castulo  (787,2618)  (833,2623)  (743,2572)
Kaluga  (3409,698)  (3363,738)  (3363,692)  (3454,744)  (3409,652)  (3500,741)
Arretium  (1759,2445)
Kobenhavn  (1900,1341)  (1922,1387)  (1889,1295)
Novorossiyk  (3273,2192)  (3227,2188)  (3319,2200)
sz 3  (592,46)  (546,91)  (546,45)  (637,92)  (592,0)  (638,0)  (638,46)  (591,137)  (545,137)  (500,74)  (500,28)  (683,92)  (684,0)  (684,46)
Brayqah  (2167,3327)  (2121,3366)  (2121,3320)  (2193,3373)  (2213,3283)  (2239,3329)  (2259,3271)
Gubkin  (3057,1556)  (3011,1599)  (3097,1602)  (3100,1510)  (3103,1556)
Ukhta  (3644,564)  (3598,605)  (3598,559)  (3689,610)  (3690,534)  (3592,513)  (3710,656)
Jokkmokk  (2142,458)  (2096,503)  (2180,412)
sz 49  (1500,1067)  (1454,1112)  (1454,1066)  (1545,1113)  (1500,1021)  (1546,1021)  (1546,1067)  (1452,1020)  (1499,1158)  (1453,1158)  (1575,1159)  (1498,975)  (1544,975)  (1449,974)
Cestra Regina  (1767,1978)  (1721,2023)  (1813,1944)
Dodona  (2363,2638)
Hims  (3308,2868)  (3345,2914)
Ghudamis  (1561,3515)  (1515,3553)  (1515,3507)  (1561,3469)  (1607,3487)  (1607,3533)  (1653,3528)
Armavira  (3481,2114)  (3435,2152)  (3482,2160)  (3491,2068)
Ringsaker  (1813,857)  (1767,902)  (1767,856)  (1857,811)  (1859,857)
Artaxata  (3505,2417)  (3459,2427)  (3550,2463)  (3551,2400)  (3449,2381)
Sengeyskiy  (3291,93)  (3245,138)  (3245,92)  (3336,139)  (3291,47)  (3337,47)  (3337,93)  (3290,184)  (3244,184)  (3198,185)  (3304,1)  (3350,1)  (3383,47)  (3396,0)  (3259,230)  (3213,231)
Misratah  (1893,3214)  (1847,3222)  (1935,3260)  (1888,3168)
sz 113  (2772,2152)
Delphi  (2381,2730)
sz 52  (2172,1180)  (2126,1225)  (2126,1179)  (2217,1226)  (2218,1137)  (2171,1271)  (2125,1271)  (2079,1231)
Caesaraugusta  (1016,2411)  (1025,2457)  (979,2457)  (960,2503)
Deb Deb  (1506,3362)  (1460,3368)  (1460,3322)  (1551,3408)  (1552,3332)  (1505,3414)
sz 115  (3010,2210)  (2964,2255)  (2964,2209)  (3055,2256)  (3010,2164)  (3056,2167)  (2918,2261)  (3101,2213)  (3101,2259)
Bautino  (3946,2237)  (3953,2283)  (3946,2191)
Rabat  (551,3141)  (581,3187)  (535,3187)  (541,3095)  (587,3095)  (597,3141)  (578,3233)  (532,3233)
Verona  (1716,2201)  (1707,2247)  (1740,2155)
sz 22  (1817,285)  (1771,330)  (1771,284)  (1862,331)  (1817,239)  (1863,239)  (1863,285)  (1769,238)  (1816,376)  (1770,376)  (1905,377)  (1815,193)  (1861,193)  (1726,192)
sz 66  (81,1767)  (35,1812)  (35,1766)  (126,1813)  (81,1721)  (127,1721)  (127,1767)  (33,1720)  (80,1858)  (34,1858)  (172,1813)  (172,1859)  (126,1859)  (79,1675)  (125,1675)  (171,1675)  (173,1721)  (173,1767)  (0,1674)
Evreux  (1441,1749)
Nesna  (1982,529)  (1979,575)  (1988,483)  (1933,603)
Tarsus  (3145,2618)  (3099,2662)  (3191,2609)
sz 75  (98,2620)  (52,2665)  (52,2619)  (143,2666)  (98,2574)  (144,2574)  (144,2620)  (50,2573)  (97,2711)  (51,2711)  (6,2665)  (6,2619)  (177,2712)  (5,2712)  (96,2528)  (142,2528)  (4,2573)  (4,2527)  (50,2527)  (131,2757)  (85,2757)  (177,2758)  (39,2758)
sz 92  (1994,3106)  (1948,3127)  (1948,3081)  (2039,3152)  (1994,3060)  (2040,3060)  (2040,3106)  (1993,3173)  (1902,3094)  (2083,3198)
Rotterdam  (1463,1636)  (1417,1641)  (1509,1626)
sz 94  (2176,2876)  (2130,2921)  (2130,2875)  (2221,2922)  (2176,2830)  (2267,2899)  (2267,2945)  (2163,2784)  (2141,2738)
Pityus  (3305,2089)  (3317,2135)  (3260,2043)  (3351,2088)
Kanash  (3877,1166)  (3831,1141)  (3922,1212)  (3876,1212)  (3877,1120)  (3923,1120)  (3923,1166)  (3805,1095)  (3926,1258)  (3880,1258)
Valentia  (941,2642)  (895,2660)  (975,2688)
Tunisia  (1575,3000)  (1529,3045)  (1621,2956)
Melitene  (3493,2276)  (3447,2248)  (3531,2322)  (3485,2322)
Oslo  (1817,973)  (1771,980)  (1725,992)
Brest  (959,1883)  (913,1886)  (992,1929)  (1015,1975)
sz 4  (864,51)  (818,96)  (818,50)  (909,97)  (864,5)  (910,5)  (910,51)  (816,4)  (772,137)  (772,91)  (955,97)  (956,0)  (956,46)  (770,45)
sz 23  (2035,243)  (1989,288)  (1989,242)  (2066,289)  (2035,197)  (2081,197)  (2081,243)  (1987,196)  (2020,334)  (1974,334)  (2127,183)  (2127,229)  (1991,380)
sz 21  (1587,287)  (1541,332)  (1541,286)  (1632,333)  (1587,241)  (1633,241)  (1633,287)  (1539,240)  (1586,378)  (1540,378)  (1678,333)  (1678,379)  (1632,379)  (1585,195)  (1631,195)  (1677,195)  (1679,241)  (1679,287)  (1504,194)
Al Kuwayt  (3723,3347)  (3714,3301)
Siwa  (2563,3402)  (2517,3433)  (2517,3387)  (2608,3448)  (2609,3363)
sz 71  (143,2011)  (97,2056)  (97,2010)  (188,2057)  (143,1965)  (189,1965)  (189,2011)  (95,1964)  (142,2102)  (96,2102)  (51,2056)  (51,2010)  (234,2057)  (234,2103)  (188,2103)  (50,2103)  (235,1943)  (235,1989)  (49,1964)  (5,2057)  (5,2011)  (4,2114)  (3,1965)
Brydah  (3468,3332)  (3422,3371)  (3422,3325)  (3513,3378)  (3414,3279)  (3376,3345)
sz 25  (2841,289)  (2795,334)  (2795,288)  (2886,335)  (2841,243)  (2887,243)  (2887,289)  (2793,242)  (2749,327)  (2932,335)  (2912,381)  (2933,258)  (2747,281)  (2747,235)  (2978,369)  (2891,427)  (2701,308)  (2701,262)  (2701,216)
Yaroslavl  (3415,489)  (3369,527)  (3460,535)  (3384,443)  (3430,443)  (3378,397)  (3424,397)
Warszawa  (2348,1653)  (2302,1692)  (2302,1646)  (2363,1607)  (2394,1653)
Orleans  (1364,1853)  (1382,1899)  (1361,1807)
Donetsk  (2807,1648)  (2761,1644)  (2852,1694)  (2806,1694)  (2807,1602)
Scotland  (976,1072)  (930,1074)  (998,1118)  (1007,1026)  (952,1120)
Hurghada  (2909,3478)  (2863,3434)  (2954,3524)  (2908,3524)  (2909,3432)
sz 110  (2552,2632)  (2592,2678)  (2546,2678)  (2598,2724)
Nordkapp  (2355,307)  (2309,352)  (2309,306)  (2372,353)  (2355,261)  (2401,258)  (2281,260)
Le Havre  (1272,1762)  (1226,1791)
Gukovo  (3170,1399)  (3124,1430)  (3124,1384)  (3216,1381)  (3216,1427)
sz 73  (766,2189)  (720,2209)  (720,2163)  (812,2160)  (812,2206)  (837,2252)  (674,2182)  (858,2160)  (858,2206)  (883,2252)  (628,2162)  (904,2160)  (904,2206)  (929,2252)  (582,2161)  (950,2160)  (950,2206)
Galati  (2562,2263)
sz 102  (2826,3118)  (2780,3146)  (2780,3100)  (2872,3079)  (2872,3125)  (2734,3153)  (2734,3107)
Laayoune  (430,3500)  (384,3545)  (384,3499)  (475,3546)  (430,3454)  (476,3454)  (476,3500)  (338,3553)  (338,3507)  (521,3546)  (522,3483)
sz 17  (595,294)  (549,339)  (549,293)  (640,340)  (595,248)  (641,248)  (641,294)  (547,247)  (594,385)  (548,385)  (503,339)  (503,293)  (686,340)  (686,386)  (640,386)  (502,386)  (593,202)  (639,202)  (685,202)  (687,248)  (687,294)  (528,201)
Oued  (1354,3213)  (1308,3237)  (1308,3191)  (1399,3259)  (1354,3167)  (1400,3194)  (1353,3283)
sz 6  (1356,58)  (1310,103)  (1310,57)  (1401,104)  (1356,12)  (1402,12)  (1402,58)  (1308,11)  (1447,104)  (1448,0)  (1448,46)
Ouarzazate  (1006,3249)  (960,3216)  (1044,3295)  (1052,3242)  (1044,3341)
sz 29  (868,566)  (822,611)  (822,565)  (913,612)  (868,520)  (914,520)  (914,566)  (820,519)  (867,657)  (821,657)  (776,611)  (776,565)  (959,612)  (959,658)  (913,658)  (775,658)  (866,474)  (912,474)  (958,474)  (960,520)  (960,566)  (774,519)  (774,473)  (820,473)
sz 89  (1909,2726)  (1863,2771)  (1863,2725)  (1925,2772)  (1909,2680)  (1861,2679)  (1971,2737)  (1857,2633)
Luxembourg  (1472,1833)
Masillia  (1447,2352)  (1401,2381)  (1454,2398)  (1493,2336)
Tyulyugen  (3741,1745)  (3695,1790)  (3695,1744)  (3787,1708)  (3787,1754)
Corsica  (1593,2474)
Samarra  (3461,3118)  (3415,3163)  (3486,3164)  (3472,3072)  (3518,3082)
Urda  (3760,1419)  (3714,1464)  (3714,1418)  (3805,1465)  (3760,1373)  (3806,1412)  (3759,1510)  (3835,1511)  (3729,1327)  (3775,1327)
Tartus  (3188,2772)  (3233,2818)  (3187,2818)  (3168,2726)  (3214,2726)  (3189,2864)
sz 106  (3048,2784)  (3094,2804)  (2928,2809)
Armenia  (3660,2517)  (3614,2562)  (3705,2563)  (3627,2471)  (3673,2471)
sz 96  (2218,2584)  (2246,2630)  (2173,2538)  (2219,2538)
Penza  (3452,1601)  (3497,1647)  (3451,1647)  (3498,1556)
sz 46  (873,1257)  (827,1302)  (827,1256)  (918,1303)  (873,1211)  (919,1250)  (841,1165)  (833,1119)  (771,1103)  (817,1073)  (756,1057)  (802,1027)
Pax Julia  (479,2694)  (433,2699)  (525,2694)
Serov  (3835,782)  (3789,827)  (3789,781)  (3880,828)  (3835,736)  (3881,736)  (3881,782)  (3787,735)  (3743,829)  (3743,783)  (3927,723)  (3927,769)  (3927,815)
Olbia  (2823,1948)  (2777,1913)  (2837,1994)
sz 19  (1120,280)  (1074,325)  (1074,279)  (1165,326)  (1120,234)  (1166,234)  (1166,280)  (1072,233)  (1119,371)  (1073,371)  (1028,325)  (1028,279)  (1211,326)  (1211,372)  (1165,372)  (1027,372)  (1118,188)  (1164,188)  (1210,188)  (1212,234)  (1212,280)  (1026,233)  (1026,187)  (1072,187)
Gaziantep  (3333,2738)  (3287,2749)  (3379,2710)
Strasbourg  (1477,1914)  (1431,1951)  (1523,1909)
Nicea  (2870,2475)  (2824,2520)  (2892,2429)  (2916,2475)  (2938,2420)  (2778,2537)
sz 104  (2999,3082)  (2953,3127)  (2953,3081)  (3000,3128)  (2999,3036)  (3045,3036)  (2951,3035)
Oboyan  (2611,1496)  (2565,1541)  (2565,1495)  (2656,1542)  (2657,1452)  (2563,1449)
sz 8  (1818,56)  (1772,101)  (1772,55)  (1863,102)  (1818,10)  (1864,10)  (1864,56)  (1770,9)  (1726,136)  (1726,90)
Palantia  (863,2422)  (817,2456)  (909,2395)  (909,2441)
Tubruq  (2385,3210)  (2339,3238)  (2431,3179)
sz 42  (2171,827)  (2125,872)  (2197,873)  (2187,781)  (2255,677)  (2258,631)  (2304,600)
Aalborg  (1708,1285)
Carthago Nova  (879,2750)
Gades  (622,2813)
sz 98  (1901,2324)  (1865,2278)  (1947,2344)
Logdunum  (1325,2117)  (1279,2157)  (1279,2111)  (1371,2077)  (1371,2123)  (1417,2120)
Sirt  (2018,3302)  (2043,3348)  (1997,3348)  (2009,3256)  (2064,3261)  (1951,3388)  (2015,3394)
Ninive  (3567,2817)  (3612,2863)  (3522,2771)  (3655,2909)
Petrovsk  (3307,1160)  (3261,1205)  (3261,1159)  (3352,1206)  (3307,1114)  (3353,1131)  (3259,1113)  (3215,1201)  (3213,1155)
sz 100  (2418,3075)  (2372,3103)  (2372,3057)  (2463,3121)  (2418,3029)  (2464,3040)  (2353,3011)
sz 11  (2303,73)  (2257,118)  (2257,72)  (2348,119)  (2303,27)  (2349,27)  (2349,73)  (2255,26)  (2302,164)  (2256,164)  (2211,118)  (2211,72)  (2394,119)  (2394,165)  (2348,165)  (2210,165)  (2395,0)  (2395,46)  (2209,26)  (2220,211)
Klaipeda  (2250,1447)  (2274,1493)
Karlskrona  (1987,1319)
Elblag  (2088,1490)  (2082,1579)
Volgograd  (3399,1771)  (3353,1816)  (3353,1770)  (3444,1817)  (3399,1725)  (3445,1732)
sz 38  (805,781)  (759,826)  (759,780)  (850,827)  (851,742)  (804,872)  (758,872)  (896,788)  (897,742)  (845,918)  (799,918)  (942,788)  (943,742)  (805,964)  (759,964)
Vienna  (2036,1880)  (1990,1913)  (1990,1867)  (2059,1926)  (2036,1834)  (2082,1859)
Klintsy  (2890,1202)  (2917,1248)  (2871,1248)  (2846,1156)  (2892,1156)  (2914,1294)
Kazan  (3188,755)  (3142,800)  (3188,801)  (3194,709)  (3240,703)  (3142,846)  (3200,847)  (3286,717)
sz 13  (2859,70)  (2813,115)  (2813,69)  (2904,116)  (2859,24)  (2905,24)  (2905,70)  (2811,23)  (2858,161)  (2812,161)  (2767,115)  (2767,69)  (2950,116)  (2766,162)  (2951,0)  (2951,46)  (2765,23)
Vindonissa  (1573,2114)  (1527,2147)  (1606,2068)  (1619,2114)  (1481,2171)  (1665,2129)
Burdigala  (1105,2151)  (1148,2197)  (1102,2197)  (1151,2111)  (1197,2094)
Szczecin  (1887,1579)  (1841,1574)
Wroclaw  (2056,1748)  (2013,1702)  (2102,1764)
Rennes  (1226,1891)  (1180,1923)  (1271,1937)  (1272,1860)
Ghardala  (1195,3285)  (1149,3315)  (1149,3269)  (1228,3331)  (1241,3261)
Emerita Augusta  (502,2608)  (548,2603)
Narbo  (1256,2361)  (1210,2401)  (1302,2337)
sz 80  (408,2961)  (362,3006)  (362,2960)  (453,3007)  (408,2915)  (454,2915)  (454,2961)  (360,2914)  (407,3052)  (361,3052)  (316,3006)  (316,2960)  (499,3007)  (490,3053)  (315,3053)  (406,2869)  (452,2869)  (498,2869)  (500,2915)  (500,2961)  (314,2914)  (314,2868)  (360,2868)  (546,2882)  (546,2928)
Galway  (601,1387)  (596,1433)
Namnetes  (1109,2018)  (1063,2063)  (1118,1972)
Singidium  (2248,2233)  (2202,2265)
Byzantium  (2646,2492)
Attalia  (2957,2704)  (2911,2739)  (2911,2693)  (2980,2750)  (2967,2658)  (3003,2704)  (3013,2654)  (2865,2686)
Saratov  (3466,1293)  (3420,1255)  (3511,1339)  (3465,1339)
Karachia  (3273,403)  (3227,448)  (3318,449)  (3238,357)  (3284,357)  (3319,403)  (3299,495)
Rostock  (1769,1515)  (1778,1561)
Tindouf  (858,3502)  (812,3547)  (812,3501)  (903,3548)  (858,3456)  (904,3479)
Cesta Regina  (1620,1996)  (1574,2021)  (1574,1975)  (1666,2006)
sz 63  (628,1620)  (582,1665)  (582,1619)  (673,1666)  (629,1574)  (674,1620)  (675,1573)  (536,1698)  (536,1652)  (536,1606)
Wales  (922,1478)  (967,1524)  (921,1524)  (879,1432)  (925,1432)  (968,1478)
sz 77  (97,2944)  (51,2989)  (51,2943)  (142,2990)  (97,2898)  (143,2898)  (143,2944)  (49,2897)  (96,3035)  (50,3035)  (5,2989)  (5,2943)  (188,2990)  (188,3036)  (142,3036)  (4,3036)  (95,2852)  (141,2852)  (187,2852)  (189,2898)  (189,2944)  (3,2897)  (3,2851)  (49,2851)  (233,2838)  (96,3081)  (50,3081)  (234,2990)  (234,3036)  (234,3082)  (188,3082)  (142,3082)  (4,3082)  (235,2884)  (235,2930)
Senio  (2037,2325)  (2082,2371)  (2036,2371)  (1992,2279)
Pessinus  (2900,2582)  (2854,2620)  (2946,2571)
sz 56  (1765,1171)
sz 108  (2823,2993)  (2777,3033)  (2777,2987)  (2869,2971)  (2869,3017)
Xepcoh  (2859,1833)  (2813,1841)  (2813,1795)  (2904,1879)
Al Hoceima  (950,2998)  (904,3043)  (904,2955)  (995,3044)  (950,2952)  (985,3090)
sz 35  (78,845)  (32,890)  (32,844)  (123,891)  (78,799)  (124,799)  (124,845)  (30,798)  (77,936)  (31,936)  (169,891)  (169,937)  (123,937)  (76,753)  (122,753)  (168,753)  (170,799)  (170,845)  (0,752)
Balakovo  (3464,1065)  (3418,1110)  (3418,1064)  (3503,1111)  (3464,1019)  (3510,1027)  (3416,1018)  (3457,1156)
Cale  (565,2383)  (519,2410)  (611,2363)
sz 79  (156,3458)  (110,3503)  (110,3457)  (201,3504)  (156,3412)  (202,3412)  (202,3458)  (108,3411)  (155,3549)  (109,3549)  (64,3503)  (64,3457)  (247,3504)  (247,3550)  (201,3550)  (63,3550)  (248,3369)  (248,3415)  (62,3411)  (18,3504)  (18,3458)  (293,3461)  (17,3553)  (294,3369)  (294,3415)  (16,3412)  (340,3369)  (386,3369)
Jerusalem  (3064,3147)  (3041,3193)
Novgorod  (3014,818)  (2968,824)  (2968,778)  (3059,864)  (3014,772)  (3060,788)  (3013,870)  (2988,726)
Toletum  (846,2545)  (800,2554)  (892,2525)
Genua  (1631,2299)  (1677,2315)  (1578,2308)
Barcino  (1171,2477)  (1125,2493)  (1125,2447)  (1183,2523)
Lille  (1363,1697)
Maan  (3146,3238)  (3100,3280)  (3100,3234)  (3192,3224)
Taganrog  (3034,1809)  (2988,1854)  (3080,1785)
Jalu  (2380,3470)  (2334,3515)  (2334,3469)  (2398,3516)  (2380,3424)  (2426,3435)
Odense  (1766,1395)
Izmail  (2677,2090)
Danmark  (1695,1388)
Orebro  (1909,1043)  (1926,1089)  (1905,997)
Salapia  (1891,2470)
Majar  (3528,1981)  (3482,2004)  (3482,1958)  (3573,2027)  (3528,1935)  (3574,1958)  (3619,2004)
Hispatis  (626,2716)  (580,2758)  (605,2670)  (651,2670)
Staryy Oskol  (3114,1148)  (3150,1194)  (3104,1194)  (3084,1102)  (3130,1102)  (3104,1240)
Croton  (2079,2770)
sz 55  (1802,1288)  (1819,1334)  (1797,1242)
Mediolanum  (1579,2222)  (1533,2243)  (1625,2215)
Goteborg  (1891,1196)
Mtsensk  (2910,1520)  (2864,1519)  (2951,1566)  (2905,1566)  (2860,1473)  (2952,1612)  (2906,1612)
Gdansk  (1996,1547)  (1987,1593)
sz 65  (110,1473)  (64,1518)  (64,1472)  (155,1519)  (110,1427)  (156,1427)  (156,1473)  (62,1426)  (109,1564)  (63,1564)  (18,1518)  (18,1472)  (201,1519)  (201,1565)  (155,1565)  (17,1565)  (108,1381)  (154,1381)  (200,1381)  (202,1427)  (202,1473)  (16,1426)  (16,1380)  (62,1380)  (109,1610)  (63,1610)  (239,1611)  (193,1611)  (17,1611)
Corduba  (756,2707)  (710,2698)
sz 32  (1595,566)  (1549,611)  (1549,565)  (1640,612)  (1595,520)  (1641,520)  (1641,566)  (1547,519)  (1594,657)  (1548,657)  (1680,658)  (1593,474)  (1639,474)  (1504,473)
Kiev  (2455,1884)  (2409,1895)  (2483,1930)  (2501,1845)
Atkarsk  (3611,1256)  (3565,1255)  (3656,1302)  (3610,1302)  (3611,1210)  (3657,1235)  (3563,1209)
Voronezh  (3266,1293)  (3220,1322)  (3220,1276)  (3312,1271)  (3312,1317)  (3174,1333)  (3174,1287)  (3358,1280)
sz 112  (2787,2274)  (2741,2307)  (2741,2261)  (2833,2235)  (2833,2281)
sz 82  (1097,2776)  (1051,2821)  (1051,2775)  (1133,2822)  (1097,2730)  (1143,2730)  (1143,2776)  (1049,2729)  (1005,2852)  (1005,2806)  (1189,2730)  (1189,2776)
sz 90  (1734,2953)  (1779,2999)  (1733,2999)  (1699,2907)  (1745,2907)  (1780,2953)  (1687,3004)  (1825,2999)  (1825,3045)  (1779,3045)  (1733,3045)  (1826,2947)
Essex  (1223,1482)  (1246,1567)
Sinda  (3139,2087)  (3093,2119)  (3185,2052)  (3185,2098)  (3047,2118)
Mansura  (2826,3266)  (2851,3312)  (2791,3220)  (2837,3220)
Jyvaskyla  (2411,766)  (2391,812)
Salonae  (2192,2414)  (2146,2416)  (2237,2460)  (2238,2405)  (2191,2462)
Albana  (3664,2332)  (3618,2351)  (3618,2305)  (3709,2378)  (3664,2286)  (3755,2417)
Pampaelo  (873,2321)  (827,2333)  (919,2315)
Apollonia  (2298,2547)
Kerzaz  (1337,3518)  (1291,3553)  (1291,3507)  (1383,3491)  (1383,3537)  (1245,3553)  (1245,3507)  (1429,3494)  (1429,3540)
Jiza  (3625,3474)  (3579,3519)  (3579,3473)  (3670,3520)  (3625,3428)  (3671,3428)  (3671,3474)  (3614,3382)
Koln  (1590,1710)  (1635,1756)  (1562,1664)  (1565,1618)
Pallasovka  (3573,1443)  (3527,1488)  (3527,1442)  (3617,1397)  (3619,1443)  (3627,1489)  (3481,1485)  (3481,1439)
Jakharrad  (2378,3318)  (2332,3344)  (2332,3298)  (2424,3296)
Connaught  (617,1271)  (663,1247)  (567,1313)
Shiraz  (3847,3066)  (3801,3111)  (3801,3065)  (3892,3112)  (3847,3020)  (3893,3038)  (3755,3054)  (3938,3084)  (3940,3130)
sz 14  (3122,57)  (3076,102)  (3076,56)  (3167,103)  (3122,11)  (3168,11)  (3168,57)  (3074,10)  (3121,148)  (3075,148)  (3030,102)  (3030,56)  (3214,0)  (3119,194)  (3120,240)  (3106,286)
sz 58  (1383,1340)  (1337,1385)  (1337,1339)  (1428,1386)  (1383,1294)  (1429,1294)  (1429,1340)  (1335,1293)  (1382,1431)  (1336,1431)  (1467,1432)  (1381,1248)  (1427,1248)  (1311,1247)  (1421,1477)  (1375,1477)  (1329,1477)  (1467,1478)
Amida  (3431,2609)  (3385,2654)  (3476,2655)  (3405,2563)
Chisinau  (2569,1991)  (2523,2010)  (2615,1984)
sz 2  (331,18)  (285,41)  (377,0)  (377,46)  (239,56)  (239,10)  (423,0)
Tarabulus  (1774,3182)  (1781,3228)  (1735,3228)  (1767,3136)  (1813,3136)  (1784,3274)  (1738,3274)
sz 40  (1360,812)  (1314,857)  (1314,811)  (1405,858)  (1360,766)  (1406,766)  (1406,812)  (1312,765)  (1359,903)  (1313,903)  (1268,857)  (1268,811)  (1451,858)  (1451,904)  (1405,904)  (1267,904)  (1452,742)  (1452,788)  (1266,765)
Awaynat  (1881,3498)  (1835,3543)  (1835,3497)  (1926,3544)  (1881,3452)  (1927,3452)  (1927,3498)  (1789,3553)  (1789,3507)  (1973,3465)  (1743,3520)
Patavium  (1790,2257)  (1798,2303)  (1818,2211)  (1864,2185)
Kursk  (2958,1062)  (2912,1082)  (2912,1036)  (3003,1108)  (2964,1016)  (3004,1062)
Lipetsk  (2856,932)  (2810,977)  (2810,931)  (2902,899)  (2902,945)  (2764,966)
Vastervik  (2019,1201)
Tetouan  (814,3067)  (768,3073)  (859,3113)  (792,3021)  (838,3021)  (813,3119)  (905,3125)  (859,3159)  (836,2975)  (813,3165)
Ornskoldsvik  (2030,784)  (1985,738)  (2076,797)
sz 118  (3848,2175)  (3802,2220)  (3802,2174)  (3882,2221)  (3848,2129)  (3894,2129)  (3836,2266)  (3790,2266)  (3756,2220)  (3894,2083)  (3940,2083)  (3940,2129)  (3744,2268)
Heraclea Pontica  (3082,2414)  (3036,2426)  (3128,2416)
sz 30  (1158,627)  (1112,672)  (1112,626)  (1203,673)  (1158,581)  (1204,581)  (1204,627)  (1110,580)  (1066,696)  (1066,650)  (1156,535)  (1202,535)  (1064,604)  (1064,558)  (1110,534)  (1042,512)  (1156,489)  (1202,489)  (1088,488)  (1025,466)
Lulea  (2224,511)  (2178,551)
Tabriz  (3629,2674)  (3583,2672)  (3674,2720)  (3628,2720)  (3675,2653)  (3572,2626)  (3720,2699)  (3532,2580)
Severodivinsk  (2847,765)  (2892,811)  (2846,811)  (2893,748)  (2852,857)
Vindobona  (2115,2084)  (2069,2128)  (2069,2082)  (2129,2130)  (2161,2056)
Vaasa  (2302,739)  (2256,784)  (2314,693)
Binghazi  (2231,3157)  (2185,3175)  (2258,3203)  (2277,3111)  (2277,3157)  (2212,3221)
Kuusamo  (2457,578)  (2477,624)  (2452,532)  (2431,653)  (2483,670)
sz 37  (583,838)  (537,883)  (537,837)  (628,884)  (583,792)  (629,792)  (629,838)  (535,791)  (582,929)  (536,929)  (491,883)  (491,837)  (674,884)  (674,930)  (628,930)  (490,930)  (581,746)  (627,746)  (673,746)  (675,792)  (675,838)  (489,791)  (489,745)  (535,745)  (582,975)  (536,975)  (710,976)  (664,976)  (490,976)
Helsingfors  (2345,985)  (2299,1011)  (2391,953)
Istrapolis  (2656,2231)  (2658,2185)  (2650,2291)
Philippopolis  (2484,2464)  (2438,2479)
sz 61  (889,1749)  (843,1794)  (843,1748)  (934,1795)  (935,1719)  (820,1702)  (797,1827)  (797,1781)  (980,1765)  (795,1656)  (841,1647)  (774,1735)  (1019,1811)  (1026,1722)
Melilla  (1093,2944)  (1047,2989)  (1047,2943)  (1138,2990)  (1093,2898)  (1139,2940)
sz 27  (330,557)  (284,602)  (284,556)  (375,603)  (330,511)  (376,511)  (376,557)  (282,510)  (329,648)  (283,648)  (238,602)  (238,556)  (421,603)  (421,649)  (375,649)  (237,649)  (328,465)  (374,465)  (420,465)  (422,511)  (422,557)  (236,510)  (236,464)  (282,464)  (329,694)  (283,694)  (427,695)  (381,695)  (237,695)
Qal At Salih  (3612,3030)  (3566,3037)  (3566,2991)  (3657,3076)
sz 53  (2124,1384)  (2078,1422)  (2078,1376)  (2170,1353)  (2032,1445)
Theodesia  (2891,2141)  (2853,2081)
Ougarta  (1132,3463)  (1086,3454)  (1157,3509)  (1111,3509)  (1132,3417)  (1178,3426)  (1110,3371)
sz 86  (1418,2753)  (1372,2798)  (1372,2752)  (1422,2799)  (1464,2713)  (1468,2759)  (1326,2800)  (1326,2754)  (1514,2741)  (1280,2801)  (1280,2755)
Yorkshire  (1107,1353)  (1136,1399)  (1078,1307)
sz 116  (3016,2323)  (2970,2335)  (3062,2308)  (3079,2354)  (2924,2346)
Lakselv  (2331,445)  (2377,458)
sz 48  (1334,1065)  (1288,1110)  (1288,1064)  (1379,1111)  (1334,1019)  (1380,1019)  (1380,1065)  (1286,1018)  (1333,1156)  (1287,1156)  (1403,1157)  (1332,973)  (1378,973)  (1265,972)
sz 99  (2453,2942)  (2407,2958)  (2499,2936)  (2534,2871)  (2365,2912)  (2361,2958)  (2545,2917)  (2563,2825)
sz 67  (351,1777)  (305,1822)  (305,1776)  (396,1823)  (351,1731)  (397,1731)  (397,1777)  (303,1730)  (350,1868)  (304,1868)  (259,1822)  (259,1776)  (442,1823)  (442,1869)  (396,1869)  (258,1869)  (349,1685)  (395,1685)  (441,1685)  (443,1731)  (443,1777)  (257,1730)  (257,1684)  (303,1684)
Durostorum  (2429,2249)  (2383,2243)  (2474,2295)  (2475,2225)
Inta  (3696,409)  (3650,454)  (3650,408)  (3741,455)  (3696,363)  (3742,405)  (3650,362)  (3787,451)
Tova  (3034,480)  (2988,490)  (2988,444)  (3079,526)  (2942,473)  (3125,487)  (3125,533)
Leinster  (720,1336)  (743,1382)  (697,1382)  (713,1290)
Berlin  (1808,1653)  (1840,1699)  (1780,1699)
Ukrainskaya  (2650,1776)  (2604,1821)  (2604,1775)  (2696,1755)  (2558,1833)  (2558,1787)  (2742,1746)  (2742,1792)
Stavropol  (3382,1992)  (3336,2000)  (3422,2038)
sz 69  (826,1987)  (780,2032)  (780,1986)  (871,2033)  (826,1941)  (872,1941)  (872,1987)  (778,1940)  (825,2078)  (779,2078)  (734,2032)  (734,1986)  (917,2033)  (917,2079)  (871,2079)  (733,2079)  (824,1895)  (918,1973)  (732,1940)  (732,1894)  (778,1894)  (963,2019)  (963,2065)  (963,2111)
Chelm  (2321,1938)  (2275,1956)  (2367,1943)
Reims  (1550,1812)  (1584,1858)  (1522,1766)
Kamenskly  (3363,1439)  (3317,1484)  (3317,1438)  (3399,1485)  (3363,1393)  (3315,1392)
Litovskaya  (2334,1374)  (2288,1361)  (2372,1420)  (2334,1328)  (2380,1350)
Thessalonica  (2492,2555)  (2437,2571)
Utrecht  (1493,1553)  (1447,1568)
Bergen  (1661,868)  (1693,914)  (1647,914)  (1658,822)
Shakhty  (3233,1819)  (3187,1864)  (3253,1773)  (3279,1819)
Skelleftea  (2154,681)  (2108,726)  (2168,635)
Ul'yanovsk  (3778,957)  (3732,996)  (3817,1003)  (3738,911)  (3757,1042)
Kuznetsk  (3623,1001)  (3577,1046)  (3577,1000)  (3668,1047)  (3669,976)  (3594,954)  (3596,1092)
Esfahan  (3741,2887)  (3695,2850)  (3781,2933)  (3735,2933)  (3741,2841)  (3787,2857)  (3683,2804)  (3746,2979)  (3700,2979)  (3729,2795)
Dresden  (1916,1741)  (1870,1751)  (1931,1695)  (1962,1741)  (1824,1774)
Acci  (756,2800)  (710,2821)  (710,2775)  (802,2796)
Trapezus  (3290,2380)  (3244,2415)  (3336,2346)  (3336,2392)
sz 84  (1412,2467)  (1366,2503)  (1366,2457)  (1458,2450)  (1458,2496)  (1320,2503)  (1320,2457)  (1504,2442)  (1504,2488)
Alexandria  (2559,3257)  (2513,3302)  (2513,3256)  (2604,3303)  (2605,3232)  (2511,3210)
Sbeitla  (1446,3024)  (1400,3069)  (1470,3070)  (1427,2978)  (1473,2978)  (1413,3115)
Syria  (3381,2999)  (3335,3044)  (3409,3045)  (3396,2953)  (3427,2999)  (3442,2938)  (3363,3090)  (3317,3090)
sz 114  (2977,2068)  (2931,2094)
Agadir  (540,3342)  (494,3385)  (494,3339)  (585,3388)  (586,3305)
sz 91  (2044,2976)  (1998,3008)  (2046,2930)  (1952,3008)  (1906,3008)
Ad Dammam  (3789,3495)  (3743,3540)  (3743,3494)  (3834,3541)  (3789,3449)  (3741,3448)
Uleaborg  (2377,567)  (2331,522)  (2384,613)
Stabula  (1470,2019)  (1424,2034)  (1516,1982)
Batsfjord  (2451,383)  (2463,429)
Badir  (1653,3334)  (1698,3380)  (1652,3380)  (1622,3288)  (1699,3331)  (1695,3426)  (1649,3426)  (1688,3472)
sz 74  (320,2386)  (274,2431)  (274,2385)  (365,2432)  (320,2340)  (366,2340)  (366,2386)  (272,2339)  (228,2451)  (228,2405)  (411,2432)  (412,2327)  (412,2373)  (226,2359)  (182,2451)  (182,2405)  (458,2327)  (180,2359)
Vilmanstrand  (2513,775)  (2519,821)  (2473,821)  (2489,729)
Orel  (3010,1281)  (3055,1327)  (3009,1327)  (2972,1235)  (2976,1189)
Astrakhan  (3703,2092)  (3657,2094)  (3742,2138)  (3677,2046)  (3749,2090)  (3696,2140)
Pskov  (2589,1162)  (2543,1169)  (2543,1123)  (2634,1208)  (2589,1116)  (2635,1152)  (2588,1215)
Ulster  (752,1181)  (762,1227)
Tehran  (3840,2771)  (3794,2784)  (3794,2738)  (3885,2817)  (3840,2725)  (3780,2692)  (3931,2818)  (3774,2646)
Messana  (1950,2841)  (1996,2824)
sz 44  (316,1149)  (270,1194)  (270,1148)  (361,1195)  (316,1103)  (362,1103)  (362,1149)  (268,1102)  (315,1240)  (269,1240)  (224,1194)  (224,1148)  (407,1195)  (407,1241)  (361,1241)  (223,1241)  (314,1057)  (360,1057)  (406,1057)  (408,1103)  (408,1149)  (222,1102)  (222,1056)  (268,1056)  (315,1286)  (269,1286)  (427,1287)  (381,1287)  (223,1287)
Athenae  (2452,2691)
sz 120  (3940,2649)  (3953,2695)  (3924,2603)  (3907,2696)  (3953,2741)  (3917,2557)  (3907,2742)
Tyras  (2737,2009)  (2691,1989)  (2759,2055)
Tibiscum  (2377,2152)  (2331,2166)  (2423,2147)